00000000001110001
00000000000000001
00000000010010001
00000001010100001
00000001001110010
00000010001110010
00001111000000010
00001111111110010
00000100111110010
00000000010000011
11110100100000011
00000000100000001
00000000100010001
00000001001110010
00000010001110010
00001111000000010
00000000001110001
00001111111110010
00000001001110010
00000100111110010
00000000010000011
11110000100000011
00000000110000001
00000000110010001
00000001001110010
00000010001110010
00001111000000010
00000000001110001
00001111111110010
00000001001110010
00000100111110010
00000000010000011
11110000100000011
00000001010000001
00000001010010001
00000001001110010
00000010001110010
00001111000000010
00000000001110001
00001111111110010
00000001001110010
00000100111110010
00000000010000011
11110000100000011
00000000010000001
00000000010010001
00000001001110010
00000010001110010
00001111000000010
00001111101110010
00001111001100010
00000001001110010
00000100111110010
00000000010000011
11110000100000011
